6
0.7145;-0.4125;0.0
0.0;-0.825;0.0
0.7145;0.4125;0.0
0.0;0.825;0.0
-0.7145;-0.4125;0.0
-0.7145;0.4125;0.0
------------
-0.7402905065126388;0.4774291248045184;-1.1929909614483952e-16;0.4338843012169333;7.818240541704623e-17;-0.18914494419134228
-0.3797040815789937;-0.011463144422671292;0.49999999999999994;-0.4822930544259454;0.4999999999999998;0.350837307600959
-0.3797040815789937;-0.011463144422671448;-0.49999999999999994;-0.48229305442594533;-0.5000000000000001;0.3508373076009588
-0.24597013746464516;-0.441272830763421;-0.49999999999999983;-0.140864827570103;0.49999999999999994;-0.4742721588490159
-0.24597013746464516;-0.44127283076342083;0.49999999999999994;-0.1408648275701027;-0.5000000000000001;-0.474272158849016
-0.20643877974599026;-0.6183487697799332;0.0;0.5539363078637903;6.958234082117113e-17;0.51786329852468
------------
N;C;C;C;C;C
------------
0.0;4.0;4.0;0.0;0.0;0.0
4.0;0.0;0.0;0.0;4.0;0.0
4.0;0.0;0.0;4.0;0.0;0.0
0.0;0.0;4.0;0.0;0.0;4.0
0.0;4.0;0.0;0.0;0.0;4.0
0.0;0.0;0.0;4.0;4.0;0.0
------------
